0	|0	|0	|1	|
1	|0.017444444	|0.01744356	|0.99984785	|
2	|0.034888889	|0.034881811	|0.99939144	|
3	|0.052333333	|0.052309448	|0.99863092	|
4	|0.069777778	|0.069721168	|0.99756652	|
5	|0.087222222	|0.087111671	|0.99619855	|
6	|0.10466667	|0.10447567	|0.99452744	|
7	|0.12211111	|0.12180787	|0.9925537	|
8	|0.13955556	|0.139103	|0.99027792	|
9	|0.157	|0.15635581	|0.98770079	|
10	|0.17444444	|0.17356104	|0.98482311	|
11	|0.19188889	|0.19071345	|0.98164575	|
12	|0.20933333	|0.20780783	|0.97816967	|
13	|0.22677778	|0.22483898	|0.97439593	|
14	|0.24422222	|0.2418017	|0.97032569	|
15	|0.26166667	|0.25869084	|0.96596017	|
16	|0.27911111	|0.27550127	|0.96130071	|
17	|0.29655556	|0.29222786	|0.95634872	|
18	|0.314	|0.30886552	|0.95110572	|
19	|0.33144444	|0.3254092	|0.94557329	|
20	|0.34888889	|0.34185385	|0.93975313	|
21	|0.36633333	|0.35819448	|0.933647	|
22	|0.38377778	|0.3744261	|0.92725676	|
23	|0.40122222	|0.39054379	|0.92058435	|
24	|0.41866667	|0.40654264	|0.91363181	|
25	|0.43611111	|0.42241777	|0.90640125	|
26	|0.45355556	|0.43816437	|0.89889487	|
27	|0.471	|0.45377763	|0.89111496	|
28	|0.48844444	|0.4692528	|0.88306388	|
29	|0.50588889	|0.48458518	|0.87474408	|
30	|0.52333333	|0.4997701	|0.86615809	|
31	|0.54077778	|0.51480294	|0.85730854	|
32	|0.55822222	|0.52967913	|0.8481981	|
33	|0.57566667	|0.54439413	|0.83882956	|
34	|0.59311111	|0.55894348	|0.82920576	|
35	|0.61055556	|0.57332273	|0.81932963	|
36	|0.628	|0.58752753	|0.80920418	|
37	|0.64544444	|0.60155353	|0.79883249	|
38	|0.66288889	|0.61539649	|0.78821771	|
39	|0.68033333	|0.62905218	|0.77736308	|
40	|0.69777778	|0.64251645	|0.76627189	|
41	|0.71522222	|0.6557852	|0.75494753	|
42	|0.73266667	|0.66885439	|0.74339344	|
43	|0.75011111	|0.68172005	|0.73161313	|
44	|0.76755556	|0.69437827	|0.71961019	|
45	|0.785	|0.70682518	|0.70738827	|
46	|0.80244444	|0.71905701	|0.69495109	|
47	|0.81988889	|0.73107002	|0.68230244	|
48	|0.83733333	|0.74286057	|0.66944617	|
49	|0.85477778	|0.75442507	|0.65638618	|
50	|0.87222222	|0.76576	|0.64312645	|
51	|0.88966667	|0.7768619	|0.62967102	|
52	|0.90711111	|0.7877274	|0.61602397	|
53	|0.92455556	|0.7983532	|0.60218948	|
54	|0.942	|0.80873606	|0.58817173	|
55	|0.95944444	|0.81887282	|0.573975	|
56	|0.97688889	|0.8287604	|0.55960362	|
57	|0.99433333	|0.83839578	|0.54506194	|
58	|1.0117778	|0.84777604	|0.5303544	|
59	|1.0292222	|0.85689832	|0.51548548	|
60	|1.0466667	|0.86575984	|0.50045969	|
61	|1.0641111	|0.87435791	|0.48528161	|
62	|1.0815556	|0.88268992	|0.46995586	|
63	|1.099	|0.89075332	|0.4544871	|
64	|1.1164444	|0.89854566	|0.43888004	|
65	|1.1338889	|0.90606458	|0.42313943	|
66	|1.1513333	|0.91330778	|0.40727006	|
67	|1.1687778	|0.92027306	|0.39127675	|
68	|1.1862222	|0.9269583	|0.37516438	|
69	|1.2036667	|0.93336146	|0.35893785	|
70	|1.2211111	|0.93948061	|0.34260209	|
71	|1.2385556	|0.94531386	|0.32616208	|
72	|1.256	|0.95085946	|0.30962281	|
73	|1.2734444	|0.95611571	|0.29298933	|
74	|1.2908889	|0.96108101	|0.27626669	|
75	|1.3083333	|0.96575386	|0.25945998	|
76	|1.3257778	|0.97013283	|0.24257432	|
77	|1.3432222	|0.97421658	|0.22561484	|
78	|1.3606667	|0.97800388	|0.20858671	|
79	|1.3781111	|0.98149357	|0.1914951	|
80	|1.3955556	|0.98468459	|0.17434523	|
81	|1.413	|0.98757597	|0.1571423	|
82	|1.4304444	|0.99016683	|0.13989155	|
83	|1.4478889	|0.99245638	|0.12259823	|
84	|1.4653333	|0.99444393	|0.1052676	|
85	|1.4827778	|0.99612887	|0.087904943	|
86	|1.5002222	|0.99751068	|0.070515534	|
87	|1.5176667	|0.99858895	|0.053104668	|
88	|1.5351111	|0.99936335	|0.035677642	|
89	|1.5525556	|0.99983364	|0.01823976	|
90	|1.57	|0.99999968	|0.00079632671	|
91	|1.5874444	|0.99986142	|-0.016647349	|
92	|1.6048889	|0.9994189	|-0.034085958	|
93	|1.6223333	|0.99867226	|-0.051514195	|
94	|1.6397778	|0.99762172	|-0.068926757	|
95	|1.6572222	|0.99626761	|-0.086318343	|
96	|1.6746667	|0.99461032	|-0.10368366	|
97	|1.6921111	|0.99265038	|-0.12101743	|
98	|1.7095556	|0.99038838	|-0.13831438	|
99	|1.727	|0.98782499	|-0.15556923	|
100	|1.7444444	|0.98496101	|-0.17277674	|
101	|1.7618889	|0.98179731	|-0.18993168	|
102	|1.7793333	|0.97833484	|-0.20702882	|
103	|1.7967778	|0.97457467	|-0.22406297	|
104	|1.8142222	|0.97051793	|-0.24102893	|
105	|1.8316667	|0.96616586	|-0.25792154	|
106	|1.8491111	|0.96151979	|-0.27473567	|
107	|1.8665556	|0.95658113	|-0.2914662	|
108	|1.884	|0.95135138	|-0.30810803	|
109	|1.9014444	|0.94583213	|-0.32465611	|
110	|1.9188889	|0.94002506	|-0.34110539	|
111	|1.9363333	|0.93393194	|-0.35745087	|
112	|1.9537778	|0.92755463	|-0.37368758	|
113	|1.9712222	|0.92089506	|-0.38981058	|
114	|1.9886667	|0.91395526	|-0.40581496	|
115	|2.0061111	|0.90673734	|-0.42169585	|
116	|2.0235556	|0.89924351	|-0.43744841	|
117	|2.041	|0.89147603	|-0.45306786	|
118	|2.0584444	|0.88343727	|-0.46854945	|
119	|2.0758889	|0.87512969	|-0.48388845	|
120	|2.0933333	|0.8665558	|-0.4990802	|
121	|2.1107778	|0.85771822	|-0.51412008	|
122	|2.1282222	|0.84861963	|-0.52900352	|
123	|2.1456667	|0.83926281	|-0.54372598	|
124	|2.1631111	|0.8296506	|-0.55828298	|
125	|2.1805556	|0.81978592	|-0.5726701	|
126	|2.198	|0.80967179	|-0.58688295	|
127	|2.2154444	|0.79931127	|-0.60091721	|
128	|2.2328889	|0.78870752	|-0.61476862	|
129	|2.2503333	|0.77786376	|-0.62843295	|
130	|2.2677778	|0.7667833	|-0.64190604	|
131	|2.2852222	|0.75546951	|-0.65518381	|
132	|2.3026667	|0.74392583	|-0.6682622	|
133	|2.3201111	|0.73215577	|-0.68113724	|
134	|2.3375556	|0.72016291	|-0.693805	|
135	|2.355	|0.70795091	|-0.70626164	|
136	|2.3724444	|0.69552348	|-0.71850337	|
137	|2.3898889	|0.6828844	|-0.73052646	|
138	|2.4073333	|0.67003751	|-0.74232724	|
139	|2.4247778	|0.65698674	|-0.75390213	|
140	|2.4422222	|0.64373604	|-0.76524761	|
141	|2.4596667	|0.63028945	|-0.77636023	|
142	|2.4771111	|0.61665107	|-0.7872366	|
143	|2.4945556	|0.60282503	|-0.79787341	|
144	|2.512	|0.58881556	|-0.80826743	|
145	|2.5294444	|0.57462691	|-0.81841549	|
146	|2.5468889	|0.5602634	|-0.8283145	|
147	|2.5643333	|0.54572941	|-0.83796146	|
148	|2.5817778	|0.53102934	|-0.84735343	|
149	|2.5992222	|0.51616768	|-0.85648755	|
150	|2.6166667	|0.50114896	|-0.86536104	|
151	|2.6341111	|0.48597773	|-0.87397119	|
152	|2.6515556	|0.47065862	|-0.8823154	|
153	|2.669	|0.45519629	|-0.89039112	|
154	|2.6864444	|0.43959544	|-0.89819589	|
155	|2.7038889	|0.42386082	|-0.90572733	|
156	|2.7213333	|0.40799722	|-0.91298317	|
157	|2.7387778	|0.39200947	|-0.91996118	|
158	|2.7562222	|0.37590243	|-0.92665925	|
159	|2.7736667	|0.359681	|-0.93307533	|
160	|2.7911111	|0.34335012	|-0.93920748	|
161	|2.8085556	|0.32691475	|-0.94505383	|
162	|2.826	|0.31037991	|-0.9506126	|
163	|2.8434444	|0.29375062	|-0.95588209	|
164	|2.8608889	|0.27703194	|-0.96086071	|
165	|2.8783333	|0.26022896	|-0.96554694	|
166	|2.8957778	|0.24334679	|-0.96993935	|
167	|2.9132222	|0.22639057	|-0.97403661	|
168	|2.9306667	|0.20936545	|-0.97783746	|
169	|2.9481111	|0.19227663	|-0.98134076	|
170	|2.9655556	|0.1751293	|-0.98454544	|
171	|2.983	|0.15792868	|-0.98745052	|
172	|3.0004444	|0.14068	|-0.99005512	|
173	|3.0178889	|0.12338851	|-0.99235844	|
174	|3.0353333	|0.10605947	|-0.99435979	|
175	|3.0527778	|0.088698159	|-0.99605855	|
176	|3.0702222	|0.071309856	|-0.99745421	|
177	|3.0876667	|0.053899854	|-0.99854635	|
178	|3.1051111	|0.036473451	|-0.99933462	|
179	|3.1225556	|0.019035948	|-0.9998188	|
180	|3.14	|0.0015926529	|-0.99999873	|
